4466  2763  3974  3874  3593
1435  2968  3834  2063  1281
 932  4184  4852  1958  4468
3871  1050  4296  3965  1216
3937  4354  1117  1255  4964
1128  3253  1309  2571  1308
3286   665   978  2224  1061
 714  4792  3004  3922  2370
2856  4944  2231  2989  2984
1339  1748   845   752  2864
 945  3411  4413  3567  2589
2601  4510  3897  4058  4805
2784  1391   502  4689  4286
3113  2995  1706   995   600
3149  2073  4794  2937  3439
4282  1352  4695  4019  1475
4550  2958  1497  4815  2387
2356  4423  4892  1085  4590
3403  2273  4620  3973   985
2187  2778  4709  3366   650
4401  4565  1437  4040  3709
2324  1831  4761  4145   772
 737  1090  2277   614  4630
 523  3145  4684   879  3445
2613  2614  3970  4448  1123
3032  2395  1740  4475  3800
4668  2671  2339  2964  2058
3234  4701  3438  2509  2533
2213  1664  4084  3746  4115
 939  3613  2090  1989  3833
4889  2120  4847  1728  3601
 767  4220  3241  1583   577
2557  4914  4303  1585  2576
 876  1965  1324   829  3557
2808   517  1590  1710  4351
1408   917  2996  4621  4366
3781  4746  1380  4839  2342